<?xml version="1.0"?>
<opencv_storage>
<BL>500</BL>
<LD>1</LD>
<x1>54</x1>
<x2>702</x2>
<y>344</y>
<y1>307</y1>
<y2>386</y2>
<x11>89</x11>
<x12>663</x12>
<x21>13</x21>
<x22>699</x22>
<EDT1>200</EDT1>
<EDT2>600</EDT2>
<BGH>200</BGH>
<BGT>10</BGT>
<BGS>0</BGS>
<LPF>8</LPF>
<CTT>2</CTT>
<LDIV type_id="opencv-matrix">
  <rows>7</rows>
  <cols>1</cols>
  <dt>i</dt>
  <data>
    125 205 274 365 460 536 624</data></LDIV>
<MIA>150</MIA>
<MAA>40000</MAA>
<BVRH>1.7000000476837158e+00</BVRH>
<BVRW>1.2000000476837158e+00</BVRW>
<RR>25.</RR>
<AS>60.</AS>
<VW>2.</VW>
<VL>5.</VL>
<LW>3.7500000000000000e+00</LW>
</opencv_storage>
