<?xml version="1.0"?>
<opencv_storage>
<BGH>200</BGH>
<BGT>4</BGT>
<BGS>1</BGS>
<MIA>80</MIA>
<MAA>15000</MAA>
<BLS>7</BLS>
<DIS>4</DIS>
<ERS>6</ERS>
<ROI>1</ROI>
<X11>55</X11>
<X12>383</X12>
<X21>1</X21>
<X22>420</X22>
<Y11>171</Y11>
<Y12>171</Y12>
<Y21>230</Y21>
<Y22>205</Y22>
<CLH type_id="opencv-matrix">
  <rows>1</rows>
  <cols>422</cols>
  <dt>i</dt>
  <data>
    -1 -1 -1 -1 -1 -1 -1 -1 -1 -1 -1 -1 -1 -1 -1 -1 -1 -1 -1 -1 -1 -1 -1
    -1 -1 -1 -1 -1 -1 -1 -1 -1 -1 -1 -1 186 187 188 189 192 192 193 195
    197 198 199 200 201 202 203 205 206 207 207 209 210 212 213 213 216
    217 217 218 218 220 222 225 225 226 228 229 229 230 231 231 232 232
    233 234 235 235 236 237 237 237 238 238 239 239 239 239 240 241 242
    242 242 242 242 242 243 243 243 243 243 244 244 245 245 245 246 246
    246 246 247 247 247 247 248 248 248 248 248 249 249 249 250 250 250
    250 250 250 250 250 250 250 251 251 251 251 252 252 252 252 252 252
    252 252 252 252 252 252 252 252 252 252 252 252 252 252 252 252 252
    252 252 252 252 252 252 252 252 252 252 252 252 252 252 252 252 252
    252 252 252 252 252 252 252 252 252 252 252 252 252 252 252 252 252
    252 252 252 252 252 252 252 252 252 252 252 252 252 252 252 252 252
    252 251 251 251 251 251 251 251 251 251 251 251 250 250 250 249 249
    248 248 247 246 246 245 244 244 244 244 243 243 242 242 241 240 238
    238 238 238 237 237 237 237 236 235 235 234 234 233 232 232 232 231
    231 231 230 230 230 230 229 228 228 228 228 227 227 227 227 227 227
    227 227 227 227 227 227 227 227 227 227 227 227 227 226 226 226 226
    226 226 226 226 226 226 226 226 225 225 225 225 225 225 225 225 225
    225 225 225 225 225 225 225 225 225 225 225 225 225 225 225 225 225
    225 225 225 225 225 224 224 224 224 224 223 223 222 222 222 222 222
    221 221 221 221 221 221 221 221 221 220 220 220 220 219 219 219 218
    218 218 217 217 216 214 213 212 211 210 208 206 199 194 190 188 185
    181 180 176 173 172 169 165 163 159 156 153 152 150 149 145 144 -1
    -1 -1 -1 -1 -1 -1 -1 -1 -1 -1 -1 -1 -1 -1 -1 -1 -1 -1 -1 -1 -1 -1</data></CLH>
</opencv_storage>
