<?xml version="1.0"?>
<opencv_storage>
<ROI>1</ROI>
<LO>1</LO>
<CLV type_id="opencv-matrix">
  <rows>1</rows>
  <cols>345</cols>
  <dt>i</dt>
  <data>
    -1 -1 -1 -1 -1 -1 -1 -1 -1 -1 -1 -1 -1 -1 -1 -1 -1 -1 -1 -1 -1 -1 -1
    -1 -1 -1 -1 -1 -1 -1 -1 -1 -1 -1 -1 -1 -1 -1 -1 -1 -1 -1 -1 -1 -1 -1
    -1 -1 -1 -1 -1 -1 -1 -1 -1 -1 -1 -1 -1 -1 -1 -1 -1 -1 -1 -1 -1 -1 -1
    -1 -1 -1 -1 -1 -1 -1 -1 -1 -1 -1 -1 -1 -1 -1 -1 -1 -1 -1 -1 -1 -1 -1
    -1 -1 -1 -1 -1 -1 -1 -1 -1 -1 -1 -1 -1 -1 -1 -1 -1 -1 -1 -1 -1 -1 -1
    -1 -1 -1 -1 -1 -1 -1 -1 -1 -1 -1 -1 -1 -1 -1 -1 -1 -1 -1 -1 -1 -1 -1
    -1 -1 -1 -1 -1 -1 -1 -1 -1 -1 -1 -1 -1 -1 -1 -1 -1 -1 -1 -1 -1 -1 -1
    -1 -1 -1 -1 -1 -1 -1 -1 -1 -1 -1 -1 -1 -1 -1 -1 -1 -1 -1 -1 -1 -1 -1
    -1 -1 -1 -1 -1 -1 -1 -1 -1 -1 -1 -1 -1 -1 -1 -1 -1 -1 -1 -1 -1 -1 -1
    -1 -1 -1 -1 -1 -1 -1 -1 -1 -1 -1 -1 -1 -1 -1 -1 -1 -1 -1 -1 -1 -1 -1
    -1 -1 -1 -1 -1 -1 -1 -1 -1 -1 -1 -1 -1 -1 -1 -1 -1 -1 -1 -1 -1 -1 -1
    -1 -1 -1 -1 -1 -1 -1 -1 -1 -1 -1 -1 -1 -1 -1 -1 -1 -1 -1 -1 -1 -1 -1
    -1 -1 -1 -1 -1 -1 -1 -1 -1 -1 -1 -1 -1 -1 -1 -1 -1 -1 -1 -1 -1 -1 -1
    -1 -1 -1 -1 -1 -1 -1 -1 -1 -1 -1 -1 -1 -1 -1 -1 -1 -1 -1 -1 -1 -1 -1
    -1 -1 -1 -1 -1 -1 -1 -1 -1 -1 -1 -1 -1 -1 -1 -1 -1 -1 -1 -1 -1 -1 -1</data></CLV>
<CLH type_id="opencv-matrix">
  <rows>1</rows>
  <cols>422</cols>
  <dt>i</dt>
  <data>
    150 150 150 150 150 150 150 150 150 150 150 150 150 150 150 150 150
    150 150 150 150 150 150 150 150 150 150 150 150 150 150 150 150 150
    150 150 150 150 150 150 150 150 150 150 150 150 150 150 150 150 150
    150 150 150 150 150 150 150 150 150 150 150 150 150 150 150 150 150
    150 150 150 150 150 150 150 150 150 150 150 150 150 150 150 150 150
    150 150 150 150 150 150 150 150 150 150 150 150 150 150 150 150 150
    150 150 150 150 150 150 150 150 150 150 150 150 150 150 150 150 150
    150 150 150 150 150 150 150 150 150 150 150 150 150 150 150 150 150
    150 150 150 150 150 150 150 150 150 150 150 150 150 150 150 150 150
    150 150 150 150 150 150 150 150 150 150 150 150 150 150 150 150 150
    150 150 150 150 150 150 150 150 150 150 150 150 150 150 150 150 150
    150 150 150 150 150 150 150 150 150 150 150 150 150 150 150 150 150
    150 150 150 150 150 150 150 150 150 150 150 150 150 150 150 150 150
    150 150 150 150 150 150 150 150 150 150 150 150 150 150 150 150 150
    150 150 150 150 150 150 150 150 150 150 150 150 150 150 150 150 150
    150 150 150 150 150 150 150 150 150 150 150 150 150 150 150 150 150
    150 150 150 150 150 150 150 150 150 150 150 150 150 150 150 150 150
    150 150 150 150 150 150 150 150 150 150 150 150 150 150 150 150 150
    150 150 150 150 150 150 150 150 150 150 150 150 150 150 150 150 150
    150 150 150 150 150 150 150 150 150 150 150 150 150 150 150 150 150
    150 150 150 150 150 150 150 150 150 150 150 150 150 150 150 150 150
    150 150 150 150 150 150 150 150 150 150 150 150 150 150 150 150 150
    150 150 150 150 150 150 150 150 150 150 150 150 150 150 150 150 150
    150 150 150 150 150 150 150 150 150 150 150 150 150 150 150 150 150
    150 150 150 150 150 150 150 150 150 150 150 150 150 150</data></CLH>
</opencv_storage>
